2.000 973.521 821.957 282.321
4.000 1861.970 1583.341 205.442
8.000 2571.464 2189.237 138.885
12.000 2973.154 2471.774 139.304
16.000 3378.995 2673.704 121.544
20.000 3688.189 2837.160 100.571
24.000 3906.906 2945.561 82.999
28.000 4142.801 3029.227 85.778
32.000 4336.900 3115.512 76.230
36.000 4474.090 3180.619 77.641
40.000 4611.295 3243.263 69.788
44.000 4705.872 3281.840 78.639
48.000 4779.686 3333.013 74.041
52.000 4851.426 3398.519 68.603
56.000 4911.710 3437.241 65.846
60.000 4983.402 3460.664 66.555
64.000 5029.366 3502.297 59.297
